3.381157            
3.948405            
2.535317            
5.617989            
3.079845            
5.294880            
3.455910            
3.079845            
3.358333            
3.070872            
6.166258            
3.612312            
2.644322            
3.682465            
2.714762            
2.602500            
3.844833            
4.684397            
3.211530            
3.534315            
2.010821            
3.199717            
3.844833            
6.342934            
3.381157            
4.821497            
3.165085            
3.283501            
3.844833            
3.844833            
3.086456            
5.126374            
4.715405            
5.186562            
3.332439            
3.219409            
4.102374            
3.799631            
2.580473            
4.202600            
4.554044            
4.582770            
4.319226            
3.381157            
3.381157            
4.622229            
2.676459            
3.019246            
3.017975            
4.534560            
9.569653            
4.471811            
5.897994            
2.861920            
4.471811            
2.971083            
3.382995            
3.165085            
3.879491            
4.380349            
3.338591            
4.226821            
4.471811            
3.717677            
2.909374            
2.799872            
4.181031            
3.474473            
3.389529            
4.814241            
3.177916            
3.358333            
4.238004            
3.932292            
3.612312            
3.799631            
5.294880            
3.451758            
3.612312            
3.657157            
3.614243            
3.900091            
3.968819            
3.612312            
4.138688            
4.437995            
5.359181            
4.878163            
3.534315            
3.338591            
3.735742            
2.644322            
3.735742            
3.079845            
6.885672            
3.381157            
3.501243            
3.799631            
4.628375            
2.949497            
4.750110            
3.211530            
2.462173            
3.529933            
3.580103            
3.735742            
3.014291            
3.858929            
3.612312            
3.936342            
4.124812            
3.799631            
4.118293            
4.992654            
3.161474            
4.700682            
3.358333            
2.915974            
3.612312            
3.702092            
4.554044            
3.612312            
6.466718            
3.079845            
3.176678            
3.017975            
3.165085            
3.165085            
5.188766            
3.350164            
3.214801            
3.017975            
3.501243            
3.612312            
4.079949            
3.542044            
4.443891            
3.799631            
2.663011            
3.735742            
4.097310            
3.612312            
3.465893            
3.749529            
3.624983            
3.936992            
2.942952            
3.403856            
2.654421            
4.622229            
4.721528            
4.379621            
5.707950            
3.333433            
3.176678            
3.612312            
3.900091            
4.750110            
3.282341            
4.380349            
3.165085            
3.257582            
3.358333            
3.844833            
2.436058            
2.799783            
3.612312            
5.567915            
3.631618            
3.534315            
3.079845            
3.381157            
2.942952            
3.968819            
4.323489            
5.389136            
3.789900            
3.900091            
3.381157            
2.888541            
4.632811            
3.017975            
5.188766            
4.750110            
3.070872            
2.716742            
4.471811            
3.772896            
3.612312            
3.381157            
3.165085            
3.455910            
3.079845            
4.715405            
4.750110            
5.739101            
5.558119            
4.239276            
5.020693            
3.890715            
3.430880            
5.126374            
6.166258            
4.184328            
4.734552            
3.561861            
3.501243            
3.350164            
3.968819            
3.165085            
3.165085            
4.878163            
2.716742            
2.361680            
2.714762            
2.909374            
4.380349            
4.380349            
3.219634            
2.888541            
4.582770            
6.073679            
3.900091            
2.888541            
3.770902            
4.155019            
8.015635            
3.735742            
3.890715            
2.391768            
3.749529            
3.079845            
3.735742            
4.323489            
5.126374            
4.184328            
3.612312            
3.735742            
2.248339            
2.789917            
4.475676            
6.885672            
2.957776            
3.165085            
3.017975            
2.978080            
3.612312            
4.511142            
3.702092            
2.909998            
4.750110            
4.963780            
3.219634            
2.345864            
3.455781            
2.718633            
4.144203            
4.866837            
5.313081            
3.070872            
3.473043            
4.878163            
4.715405            
3.165085            
3.161474            
3.150366            
4.366894            
3.241051            
4.582876            
5.318474            
3.383333            
6.200275            
3.501243            
4.750110            
3.235306            
3.350164            
4.380349            
5.126374            
3.358333            
2.784648            
3.612312            
3.017975            
3.542044            
4.750110            
5.611730            
2.436058            
3.890715            
4.857389            
3.844833            
3.283123            
4.715405            
3.381157            
6.442541            
4.534560            
4.309751            
3.079845            
2.861920            
4.715405            
4.202600            
3.381157            
4.202600            
3.079845            
4.528735            
3.261068            
3.219634            
2.836834            
2.345864            
2.032414            
2.714762            
4.566062            
4.118293            
3.844833            
4.715405            
2.915974            
5.209131            
3.455910            
4.673057            
3.858929            
3.612312            
3.612312            
5.707950            
3.612312            
5.357557            
3.612312            
4.118293            
3.948405            
5.445477            
6.200275            
3.612312            
3.165085            
3.079845            
4.120704            
4.511142            
4.072228            
3.799631            
4.700682            
3.165085            
3.214801            
4.235098            
3.612312            
3.700228            
2.587857            
3.381157            
3.561861            
4.072228            
4.622229            
4.323489            
2.456185            
2.967425            
4.443891            
3.430880            
3.282292            
3.612312            
7.460595            
3.948405            
4.622229            
3.006167            
4.749692            
4.118293            
5.445477            
3.536019            
5.611730            
5.312127            
2.782691            
4.380349            
3.444385            
4.656423            
3.968819            
5.294880            
4.184328            
3.332439            
3.165085            
2.974257            
4.102374            
2.799783            
3.358333            
3.612312            
2.803169            
2.654421            
3.612312            
3.501243            
2.889068            
4.620377            
2.724631            
6.535154            
4.750110            
4.176744            
4.202600            
3.890715            
2.863006            
4.144203            
2.940978            
3.612312            
3.381157            
5.126374            
2.915974            
4.839909            
4.541532            
1.945003            
4.471811            
4.443891            
2.690374            
2.716742            
5.126374            
3.612312            
3.501243            
8.865525            
3.076379            
4.181031            
4.374653            
4.380349            
4.878163            
4.471811            
3.702092            
3.358333            
5.934859            
4.161586            
4.128092            
3.573682            
3.612312            
3.079845            
3.917272            
3.389529            
6.123928            
3.079845            
3.358333            
4.144203            
3.968819            
4.343194            
3.612312            
3.247269            
3.898623            
3.863405            
3.612312            
3.079845            
4.118293            
5.209131            
2.799783            
5.359181            
3.624983            
3.261068            
4.097310            
3.017975            
4.079949            
3.968819            
3.701711            
4.380349            
3.079845            
7.271345            
3.070872            
3.079845            
3.948405            
3.557843            
3.199717            
2.714762            
2.436058            
2.257546            
5.525828            
3.612312            
4.181031            
2.716742            
3.082005            
3.612312            
3.332439            
2.799872            
4.845339            
5.729317            
2.942952            
5.890254            
3.534315            
4.715405            
2.909374            
4.101452            
3.247269            
4.715405            
3.890715            
3.534315            
4.407062            
4.566062            
3.014291            
2.595574            
2.861920            
3.890715            
2.915974            
3.546105            
2.436058            
3.985091            
3.165085            
3.261068            
3.247269            
3.079845            
3.381157            
4.184328            
3.465893            
3.014291            
3.165085            
5.752988            
3.116644            
3.736197            
3.534315            
3.799631            
4.734552            
2.957776            
4.443891            
4.750110            
3.082005            
4.380349            
4.443891            
5.126374            
3.501243            
3.079845            
3.968819            
4.343194            
3.612312            
3.858929            
2.915974            
3.014291            
3.968819            
3.612312            
3.863405            
3.358333            
2.584084            
3.074059            
5.157458            
4.866837            
3.617521            
3.932292            
2.257546            
4.118293            
3.968819            
4.750110            
3.968819            
5.308627            
2.861920            
4.659645            
4.202600            
2.915974            
3.736197            
5.359181            
4.202600            
3.403856            
3.247269            
6.793052            
3.465893            
3.863405            
3.624156            
4.876914            
3.612312            
6.528135            
3.350164            
3.968819            
2.775488            
2.733649            
5.525828            
3.968819            
2.782691            
2.646727            
3.381157            
3.070872            
2.897251            
3.863002            
3.211530            
3.165085            
3.006167            
3.398200            
5.294880            
3.517433            
3.471547            
4.161586            
4.511142            
3.858929            
3.451758            
3.749529            
2.436058            
3.534315            
6.293046            
3.601771            
3.612312            
3.799631            
4.380349            
3.968819            
4.366894            
3.624156            
3.569086            
2.045843            
3.261068            
3.165085            
6.274135            
3.612312            
3.612312            
2.720815            
4.084855            
3.017975            
4.144203            
4.749692            
4.673057            
4.528735            
2.909374            
3.612312            
4.443891            
3.086456            
4.622229            
4.202600            
3.612312            
4.072228            
3.510655            
3.334330            
5.619149            
2.836834            
3.381157            
3.968819            
5.020693            
3.612312            
3.612312            
3.659038            
2.216945            
3.534315            
4.118293            
3.079845            
3.165085            
2.453054            
2.676459            
3.079845            
2.595574            
3.717677            
3.657157            
3.536019            
3.863405            
3.863002            
3.799631            
4.097310            
2.980466            
2.676459            
3.161474            
5.294880            
3.702092            
4.380349            
3.381157            
2.940978            
3.968819            
4.176744            
3.684170            
3.612312            
3.079845            
3.219634            
4.700682            
3.968819            
3.968819            
4.097310            
3.736197            
4.380349            
3.968819            
3.332439            
4.734552            
3.717677            
3.769505            
4.202600            
2.463996            
4.731253            
3.612312            
2.799783            
4.202600            
3.079845            
4.839909            
3.165085            
3.338591            
3.350164            
2.892924            
3.113463            
3.079845            
3.393000            
2.436058            
3.084976            
2.980466            
3.079845            
4.202600            
5.752988            
3.557843            
3.350164            
5.707950            
5.525828            
3.350164            
3.536019            
3.844833            
5.125161            
5.359181            
4.120704            
4.470920            
4.734552            
3.787604            
3.214801            
4.437995            
3.968819            
3.534315            
5.752988            
2.185104            
4.187653            
4.482739            
5.409433            
4.181031            
4.380349            
3.381157            
3.612312            
5.934859            
3.474473            
3.968819            
3.474473            
4.704452            
2.302711            
4.750110            
3.084976            
2.580473            
3.951124            
3.389529            
3.612312            
4.380349            
3.261068            
3.229374            
2.782691            
5.384444            
5.318472            
3.657157            
4.859505            
2.734935            
4.202600            
3.165085            
3.589254            
3.389529            
4.514914            
2.923540            
4.118293            
2.307599            
3.926292            
3.624156            
3.649082            
2.933912            
5.525828            
3.214801            
2.586357            
2.602500            
5.114459            
3.770902            
5.617989            
5.359181            
4.471811            
3.787604            
3.536019            
5.359181            
3.510655            
3.573682            
3.214801            
4.072228            
2.676459            
5.358391            
5.752988            
4.280908            
5.312127            
3.898623            
2.699726            
4.102374            
4.156092            
3.968819            
3.134411            
3.917272            
2.354720            
3.332439            
3.968819            
3.612312            
3.932292            
3.381157            
4.202600            
7.082086            
5.409433            
4.389506            
4.380349            
2.998165            
3.566716            
3.968819            
3.235306            
2.436058            
3.006167            
2.720815            
3.624156            
3.152312            
5.468396            
3.536019            
3.976463            
3.501243            
3.968819            
4.622229            
3.109976            
4.673057            
3.612312            
3.717677            
3.612312            
3.542044            
2.644322            
4.511142            
3.890715            
3.430880            
5.126374            
2.940978            
3.569086            
4.079949            
3.070872            
3.844833            
2.825722            
4.598493            
4.181031            
4.787966            
4.632811            
3.789900            
3.926292            
3.799631            
3.968819            
9.454792            
3.261068            
3.580103            
2.714762            
4.202600            
4.746676            
3.612312            
3.451758            
4.097310            
3.612312            
3.702092            
4.380349            
2.436058            
2.436058            
3.358333            
3.350164            
6.293046            
2.126773            
5.312127            
4.750110            
3.844833            
2.679335            
3.742198            
3.079845            
2.995025            
6.222435            
3.529933            
2.654421            
2.915974            
3.968819            
4.380349            
3.465893            
3.332439            
3.702092            
5.707950            
3.890715            
4.673057            
5.053518            
5.016742            
3.332439            
4.118293            
3.006167            
3.536019            
2.940978            
3.350164            
5.482320            
3.932292            
6.285034            
4.437995            
3.612312            
3.968819            
5.294880            
3.123911            
5.752988            
3.968819            
4.886821            
4.366894            
3.247269            
3.968819            
4.010145            
2.676459            
3.350164            
3.017975            
3.079845            
3.445244            
3.735742            
3.534315            
4.380349            
3.612312            
4.184328            
2.602500            
3.079845            
4.886821            
2.914750            
2.909374            
3.261068            
3.612312            
4.470920            
3.056418            
4.176744            
3.612312            
4.184328            
3.165085            
4.511142            
4.598493            
2.361680            
3.968819            
4.749692            
3.898623            
4.300905            
4.120704            
4.642955            
3.900091            
4.814241            
4.878163            
3.214801            
4.380349            
2.354720            
2.436058            
5.216748            
2.799783            
5.819543            
4.793166            
2.462173            
3.858929            
3.968819            
3.381157            
3.381157            
2.799783            
4.482641            
4.118293            
4.184328            
3.612312            
4.437995            
3.612312            
3.968819            
3.381157            
4.161586            
4.380349            
5.126374            
3.006167            
3.261068            
4.884896            
3.261068            
3.844833            
3.381157            
3.455781            
2.663011            
3.017975            
3.612312            
3.968819            
4.343194            
4.280908            
4.443891            
3.150366            
5.203806            
4.202600            
4.878163            
6.166258            
3.593453            
4.380349            
3.165085            
3.968819            
3.742198            
3.968819            
3.968819            
3.006167            
3.510655            
4.090316            
3.968819            
4.632811            
2.216531            
4.950804            
3.006167            
3.951124            
3.324959            
3.131338            
2.923540            
3.789900            
3.165085            
3.612312            
3.529933            
3.932292            
4.750110            
2.456185            
3.985091            
4.184328            
4.972507            
4.380349            
3.787604            
4.573895            
3.717677            
4.300905            
2.940978            
3.770902            
3.547327            
2.654421            
5.619149            
2.239716            
3.510655            
5.359181            
3.165085            
4.184328            
3.501243            
