11216                           1                   0.0500              20                  12                  3.84                3.13                0                   0.33                0                   40.680000           -73.950000          F 
11238                           1                   0.0500              20                  12                  3.84                3.13                1                   0.22                4.56                40.680000           -73.960000          F 
11213                           1                   0.0500              20                  12                  3.84                3.13                1                   0.44                2.28                40.670000           -73.940000          F 
11221                           1                   0.0500              20                  12                  3.84                3.13                5                   1.10                4.56                40.690000           -73.930000          F 
11206                           1                   0.0500              20                  12                  3.84                3.13                4                   1.42                2.81                40.700000           -73.940000          F 
11225                           1                   0.0500              20                  12                  3.84                3.13                1                   0.33                3.04                40.660000           -73.960000          F 
11418                           2                   0.313               3                   6                   1.40                4.29                3                   0.74                4.06                40.700000           -73.830000          F 
11419                           2                   0.313               3                   6                   1.40                4.29                0                   0.082               0                   40.690000           -73.820000          F 
11435                           2                   0.313               3                   6                   1.40                4.29                1                   0.25                4.06                40.700000           -73.810000          F 
11420                           2                   0.313               3                   6                   1.40                4.29                0                   0                   0                   40.680000           -73.820000          F 
11421                           2                   0.313               3                   6                   1.40                4.29                1                   0.16                6.08                40.690000           -73.860000          F 
11375                           2                   0.313               3                   6                   1.40                4.29                1                   0.16                6.08                40.720000           -73.850000          F 
10463                           3                   0.982               1                   4                   1.07                3.74                4                   1.07                3.74                40.890000           -73.910000          F 
