4.783673            
5.696518            
4.545581            
4.752877            
5.554956            
7.112441            
5.376478            
6.851220            
5.378207            
4.767530            
5.875384            
6.268265            
5.583825            
5.554956            
5.719263            
7.095764            
5.420749            
6.076767            
5.554956            
5.585010            
5.781630            
5.326932            
6.583899            
5.701506            
7.122162            
6.148691            
5.074652            
5.326932            
8.474689            
6.015211            
5.604260            
5.767186            
6.343834            
5.359402            
5.400707            
6.309777            
4.380053            
4.592793            
5.191868            
7.262627            
5.359402            
4.752877            
7.919605            
5.478243            
6.179642            
5.194303            
6.583899            
5.259194            
6.190997            
6.268265            
5.855885            
5.113791            
5.767186            
4.931249            
5.868025            
7.095764            
4.046613            
4.243461            
5.554956            
6.372289            
6.305203            
4.149567            
6.117593            
7.919605            
6.710403            
5.113791            
4.725675            
4.430018            
6.154396            
5.554956            
5.604260            
5.814289            
4.922826            
7.115855            
4.760250            
5.382801            
5.082155            
6.268265            
5.359402            
6.281481            
6.232999            
5.041653            
4.931249            
5.489695            
5.259194            
6.089226            
6.709697            
4.573111            
6.801356            
6.232999            
5.113791            
5.915299            
6.309777            
5.174403            
7.262627            
5.814289            
6.710403            
6.071444            
5.359402            
5.113791            
5.061779            
5.583825            
5.281865            
5.420749            
4.696100            
5.563080            
5.583825            
4.641280            
5.639893            
7.073584            
5.238959            
5.870397            
4.615612            
6.502278            
5.897780            
5.534326            
6.709697            
5.554956            
5.326932            
6.583899            
5.023770            
5.259194            
5.604260            
4.725675            
4.987221            
4.475615            
5.814289            
5.577109            
4.331080            
7.404928            
4.810474            
4.979871            
6.851270            
5.259194            
4.770318            
5.074652            
5.554956            
5.967869            
4.812165            
5.767186            
5.208356            
5.317124            
6.154396            
6.548752            
6.839645            
4.725675            
4.144433            
5.458731            
5.023770            
5.356734            
5.915299            
5.657807            
4.392780            
5.326932            
5.554956            
8.064223            
4.886002            
7.886178            
5.259194            
5.259194            
4.931249            
4.863100            
6.379448            
5.096929            
4.770318            
7.919605            
6.229069            
5.113791            
6.252936            
6.456035            
5.281865            
5.122985            
4.725675            
4.487584            
6.710403            
5.604260            
5.356734            
4.725675            
5.803238            
8.430059            
4.673874            
5.491839            
5.554956            
5.113791            
6.084291            
5.554956            
4.114937            
4.468819            
6.850431            
4.931249            
7.245014            
5.656978            
5.017760            
4.931249            
4.922826            
5.575296            
4.954409            
5.554956            
6.710403            
5.378207            
4.827154            
7.245014            
5.122985            
6.583899            
6.330001            
4.725675            
5.564537            
6.379448            
4.792447            
6.071444            
5.113791            
5.554956            
5.814289            
5.238959            
4.886002            
5.359402            
5.696518            
5.359402            
4.573111            
4.725675            
4.812165            
5.604260            
5.814289            
5.776948            
5.023770            
6.076767            
4.752877            
5.717966            
4.013312            
6.372289            
4.759260            
5.359402            
6.151799            
4.581398            
5.359402            
6.268265            
5.534326            
6.138756            
7.095764            
5.259194            
5.781630            
5.554956            
4.332026            
5.656208            
5.074652            
6.583899            
4.922826            
5.277704            
4.770318            
5.564537            
4.402807            
5.800751            
6.138756            
4.977862            
5.887987            
4.922826            
6.521938            
4.931249            
6.174520            
7.629060            
6.309777            
4.842732            
5.973905            
5.082155            
6.685618            
5.663264            
4.886002            
5.995773            
7.297792            
6.191926            
4.725675            
5.670032            
5.554956            
4.931249            
7.269215            
4.888779            
5.634389            
8.104657            
6.403908            
5.568792            
5.866092            
7.658796            
6.839645            
8.201208            
4.748071            
5.259194            
4.770744            
6.583899            
6.927105            
6.839645            
5.672034            
4.987221            
4.475615            
5.915299            
5.023770            
4.669019            
7.095764            
8.560850            
7.338383            
6.801356            
5.639893            
4.770744            
6.190997            
6.071444            
4.828778            
5.301851            
6.928470            
6.973687            
6.345971            
5.165222            
6.071444            
5.634389            
7.896757            
5.887987            
5.572400            
4.880804            
5.604260            
6.305203            
5.050155            
5.194089            
4.888779            
5.634389            
4.886002            
4.931249            
5.568792            
5.447623            
5.326932            
6.709697            
6.343834            
5.995773            
5.259194            
5.113791            
5.019331            
6.803965            
5.263755            
4.114937            
5.122985            
4.550660            
4.725675            
6.268265            
7.610132            
5.634389            
7.815177            
5.096929            
5.534326            
6.364398            
4.931249            
7.943512            
5.701506            
4.954406            
5.326932            
4.475615            
6.934026            
5.023770            
5.509486            
5.462747            
4.725675            
6.289011            
5.634389            
5.122985            
6.851270            
6.583899            
8.430059            
5.191868            
6.641811            
5.651520            
6.174520            
5.420749            
6.017867            
7.658796            
7.112441            
5.554956            
4.921747            
5.634389            
7.658796            
6.071444            
5.701506            
4.468819            
5.866092            
4.931249            
5.122985            
4.003750            
5.378207            
6.801140            
5.534326            
5.023770            
5.048899            
5.554956            
5.122985            
5.577109            
4.888779            
6.117593            
5.359402            
4.468819            
6.268265            
5.447623            
6.117593            
5.259194            
5.122985            
5.506449            
5.193562            
6.379448            
6.879424            
5.317124            
5.122985            
4.742960            
6.154396            
8.728917            
4.931249            
5.965563            
5.564537            
5.317124            
4.752877            
5.790063            
4.770318            
5.767186            
5.604260            
5.866092            
4.931249            
4.640574            
5.634389            
7.112441            
4.725675            
4.533075            
4.931249            
6.675437            
5.344057            
5.767186            
6.190997            
4.927916            
6.372289            
7.095764            
5.061779            
5.672034            
4.606326            
7.115855            
6.583899            
4.468819            
4.603839            
6.017867            
5.326932            
5.023770            
4.752877            
5.420749            
5.122985            
5.122985            
4.677449            
4.013312            
6.148727            
4.886002            
5.444365            
5.153953            
4.677449            
5.281865            
6.345971            
6.709697            
4.586248            
5.491839            
5.710167            
6.801356            
6.422259            
6.839528            
5.564537            
7.159763            
5.082155            
5.915299            
5.032587            
5.326932            
5.378207            
4.882900            
5.458731            
6.268265            
4.888779            
6.372480            
5.887987            
6.195016            
8.372093            
5.359402            
4.468819            
5.121622            
6.268265            
4.931249            
6.071444            
6.521938            
7.547381            
6.583951            
5.672034            
9.729624            
4.752877            
5.639893            
5.668809            
6.071444            
6.975004            
5.625479            
6.504612            
6.496122            
4.748071            
7.237056            
6.456035            
4.425628            
6.327623            
6.345971            
6.548752            
5.701506            
6.017867            
5.017760            
4.979871            
5.103856            
5.583825            
6.422259            
6.082242            
4.533075            
6.289011            
7.532371            
4.725675            
5.325402            
5.113791            
5.973905            
6.911097            
5.870397            
7.338383            
5.903871            
4.931249            
6.268265            
6.017867            
5.583825            
5.792405            
4.163404            
4.892064            
6.384080            
6.268265            
4.931249            
5.947453            
6.379448            
5.903871            
4.979871            
5.554956            
5.023770            
7.095764            
6.583951            
6.229069            
4.243461            
4.927916            
5.243433            
6.839645            
5.604260            
6.221619            
6.710403            
7.095764            
6.839645            
5.378207            
4.854694            
7.000587            
5.023770            
8.561760            
6.268265            
5.311826            
5.376478            
6.001243            
4.243461            
4.640574            
4.725675            
10.860875           
4.573111            
6.307878            
5.447623            
6.975004            
4.987221            
5.231422            
4.813648            
5.554956            
5.023770            
5.781630            
5.259194            
6.403908            
5.903871            
5.023770            
6.229069            
7.120700            
4.606326            
5.634389            
4.752877            
6.641811            
6.839645            
7.509583            
5.827511            
5.781630            
5.518764            
4.725675            
5.572400            
6.502278            
5.583825            
5.908915            
6.190997            
5.903107            
5.604260            
6.071444            
6.372289            
5.378207            
4.993586            
6.543183            
7.237056            
5.554956            
6.583899            
4.673874            
6.229069            
5.400707            
6.071444            
5.281865            
7.497456            
6.116522            
4.931249            
5.656978            
6.768990            
6.521938            
5.248026            
6.445074            
6.403908            
5.293261            
4.468819            
7.886432            
5.096828            
7.542983            
4.954409            
5.634389            
6.372289            
8.729627            
5.122985            
4.335989            
4.589711            
5.887987            
6.762602            
7.695379            
7.604147            
5.820016            
6.352390            
7.658796            
6.407374            
5.169682            
8.170018            
7.095764            
6.583899            
4.730580            
4.537914            
5.259194            
5.281865            
7.045311            
6.117593            
5.259176            
5.915299            
5.478243            
4.752877            
5.639893            
5.634389            
6.071444            
4.581398            
6.549991            
5.026582            
6.296818            
6.372289            
5.191868            
6.154396            
5.419964            
5.887987            
5.903871            
7.095764            
6.803965            
6.583899            
5.554956            
6.583951            
6.111639            
4.886002            
5.259194            
6.372289            
6.379448            
5.015034            
6.345971            
4.337952            
4.592793            
4.813648            
6.414825            
5.344057            
5.887987            
9.172901            
6.422259            
5.016386            
5.359402            
4.931249            
5.113791            
6.111639            
5.625479            
6.975004            
6.521938            
5.023770            
4.468819            
5.248026            
5.947453            
5.627339            
5.800751            
6.076767            
6.106686            
5.583825            
5.534326            
4.430018            
5.108843            
4.922826            
5.803238            
5.190125            
5.126430            
5.554956            
4.725675            
4.993586            
6.422259            
6.232999            
4.581208            
5.577109            
4.725675            
6.670586            
7.112441            
6.603259            
5.439040            
4.987221            
6.766957            
4.931249            
5.564537            
6.268265            
5.023770            
5.701506            
4.537914            
4.752877            
5.576102            
6.487781            
5.291257            
4.532015            
5.122985            
5.023770            
8.430059            
6.268265            
4.810474            
4.752877            
5.074652            
4.931249            
4.412345            
5.701506            
9.431826            
6.839645            
5.583825            
5.447623            
5.153953            
5.259194            
5.554956            
5.041653            
5.534326            
5.392827            
4.842732            
5.122985            
6.832812            
5.489695            
5.489695            
5.554956            
5.259194            
5.193562            
5.542770            
6.583951            
5.113791            
4.854694            
6.975004            
5.085739            
9.552378            
5.420749            
4.144433            
4.725675            
6.268265            
4.573111            
5.910185            
5.534326            
5.191868            
4.886002            
4.778100            
5.281865            
5.074652            
7.019414            
5.564537            
6.755091            
4.813648            
6.603259            
6.017867            
6.123702            
5.281105            
6.111639            
6.268265            
4.243461            
4.468819            
5.447623            
4.218808            
6.379448            
3.698723            
5.096929            
5.122985            
6.017867            
6.017867            
5.701506            
7.095764            
5.509486            
6.769724            
6.017867            
6.407945            
6.312885            
4.475615            
7.599008            
4.752877            
6.456035            
5.023770            
5.511922            
4.931249            
5.534326            
7.009896            
5.588999            
6.938382            
6.710403            
4.468819            
5.191868            
6.908038            
6.117593            
8.074716            
5.903871            
5.639893            
5.153071            
7.919605            
4.770318            
5.259194            
4.606326            
6.296818            
6.372289            
6.633285            
4.468819            
5.378207            
5.359402            
6.839645            
5.238959            
5.576284            
5.976703            
6.268265            
7.404928            
4.752877            
7.000587            
6.975004            
5.409197            
5.194303            
8.728917            
6.338947            
6.703954            
7.542983            
5.311826            
5.634389            
5.576102            
4.575666            
6.309777            
5.259176            
4.961516            
4.915638            
6.242755            
5.583825            
5.023770            
7.665030            
5.194303            
5.447623            
4.931249            
5.153071            
5.644540            
4.931249            
5.534326            
5.514866            
7.203368            
5.875384            
5.915299            
5.259194            
11.386680           
5.719263            
4.725675            
4.752877            
5.604260            
6.422259            
5.047197            
5.489695            
6.138756            
4.243461            
6.379448            
5.583825            
5.259194            
6.190997            
5.701506            
8.430059            
6.422259            
5.634389            
5.279924            
4.475615            
5.814289            
5.122985            
5.887987            
6.089364            
4.767530            
5.784409            
6.283754            
5.672034            
4.581398            
5.634389            
5.572400            
5.023770            
6.687862            
6.076767            
5.035997            
4.752877            
6.001243            
5.194303            
6.174520            
5.041653            
5.534326            
4.430018            
4.725675            
6.839645            
6.403908            
5.720165            
4.673874            
5.634389            
5.534326            
5.719263            
4.603839            
5.243433            
5.041653            
5.113791            
7.172611            
5.330068            
5.122985            
6.117593            
6.839645            
5.814289            
5.577109            
6.403908            
6.422259            
5.659640            
6.347172            
6.839645            
6.017867            
5.378207            
6.076767            
6.927105            
6.117593            
5.634389            
5.915299            
5.583825            
5.074652            
4.468819            
5.444365            
5.730852            
6.268265            
5.113791            
4.775820            
5.182719            
5.554956            
6.403908            
5.800751            
5.127526            
5.917763            
4.979871            
5.583825            
5.701506            
6.001243            
6.268265            
6.268265            
5.735272            
6.906664            
5.910185            
4.725675            
5.915299            
5.122985            
5.113791            
4.922826            
5.656208            
4.533075            
4.954409            
5.193562            
6.703954            
5.113791            
7.507225            
6.456035            
6.839528            
4.475615            
7.095764            
5.153071            
7.139600            
5.713523            
5.908915            
5.534326            
4.592793            
5.326932            
6.710403            
5.113791            
4.350397            
