10454                           1                   0.0200              5                   0.40                12.60               0                   0                   0                   40.805490           -73.917000          F 
10455                           1                   0.0200              5                   0.40                12.60               0                   0.072               0                   40.813660           -73.908350          F 
10451                           1                   0.0200              5                   0.40                12.60               0                   0                   0                   40.818990           -73.921060          F 
10035                           1                   0.0200              5                   0.40                12.60               0                   0                   0                   40.795330           -73.930370          F 
10037                           1                   0.0200              5                   0.40                12.60               1                   0.036               27.71               40.813770           -73.937550          F 
10030                           1                   0.0200              5                   0.40                12.60               0                   0                   0                   40.818470           -73.942360          F 
10029                           1                   0.0200              5                   0.40                12.60               3                   0.22                13.86               40.791610           -73.943310          F 
10456                           1                   0.0200              5                   0.40                12.60               1                   0.072               13.86               40.828890           -73.908200          F 
11379                           2                   0.734               4                   0.46                8.62                0                   0                   0                   40.716920           -73.880330          F 
11374                           2                   0.734               4                   0.46                8.62                1                   0.077               12.93               40.723600           -73.862510          F 
11373                           2                   0.734               4                   0.46                8.62                3                   0.39                7.76                40.735420           -73.877870          F 
11418                           3                   0.734               4                   0.46                8.62                0                   0.093               0                   40.699240           -73.831760          F 
11415                           3                   0.734               4                   0.46                8.62                1                   0.093               10.78               40.707840           -73.829990          F 
11419                           3                   0.734               4                   0.46                8.62                0                   0                   0                   40.688120           -73.823120          F 
11435                           3                   0.734               4                   0.46                8.62                1                   0.093               10.78               40.700730           -73.809950          F 
11416                           3                   0.734               4                   0.46                8.62                0                   0                   0                   40.684990           -73.850690          F 
11421                           3                   0.734               4                   0.46                8.62                1                   0.093               10.78               40.691720           -73.856830          F 
11451                           3                   0.734               4                   0.46                8.62                0                   0                   0                   40.700950           -73.800080          F 
11375                           3                   0.734               4                   0.46                8.62                0                   0                   0                   40.722920           -73.841980          F 
11417                           3                   0.734               4                   0.46                8.62                1                   0.093               10.78               40.675820           -73.847020          F 
11434                           4                   0.914               2                   0.072               27.71               2                   0.072               27.71               40.676220           -73.775200          F 
10304                           5                   0.914               2                   0.072               27.71               1                   0.036               27.71               40.608000           -74.093490          F 
10301                           5                   0.914               2                   0.072               27.71               1                   0.036               27.71               40.624560           -74.094610          F 
10460                           6                   0.915               3                   0.25                11.88               0                   0.036               0                   40.843800           -73.879980          F 
10457                           6                   0.915               3                   0.25                11.88               1                   0.11                9.24                40.846510           -73.898440          F 
10462                           6                   0.915               3                   0.25                11.88               2                   0.11                18.48               40.847410           -73.858800          F 
11050                           7                   0.973               3                   0.28                10.78               0                   0                   0                   40.835800           -73.693820          F 
11024                           7                   0.973               3                   0.28                10.78               0                   0                   0                   40.817820           -73.738780          F 
11030                           7                   0.973               3                   0.28                10.78               0                   0                   0                   40.793890           -73.685980          F 
11023                           7                   0.973               3                   0.28                10.78               0                   0                   0                   40.796600           -73.733540          F 
11021                           7                   0.973               3                   0.28                10.78               0                   0                   0                   40.786900           -73.727920          F 
11020                           7                   0.973               3                   0.28                10.78               0                   0                   0                   40.772310           -73.711060          F 
11363                           7                   0.973               3                   0.28                10.78               0                   0                   0                   40.773180           -73.744810          F 
11359                           7                   0.973               3                   0.28                10.78               0                   0                   0                   40.791700           -73.776330          F 
11042                           7                   0.973               3                   0.28                10.78               0                   0                   0                   40.757790           -73.699790          F 
10464                           7                   0.973               3                   0.28                10.78               0                   0                   0                   40.862770           -73.793830          F 
11005                           7                   0.973               3                   0.28                10.78               0                   0                   0                   40.754620           -73.713950          F 
11362                           7                   0.973               3                   0.28                10.78               0                   0                   0                   40.757700           -73.734870          F 
11360                           7                   0.973               3                   0.28                10.78               0                   0                   0                   40.780720           -73.779130          F 
11004                           7                   0.973               3                   0.28                10.78               0                   0                   0                   40.746200           -73.711740          F 
11361                           7                   0.973               3                   0.28                10.78               0                   0                   0                   40.763720           -73.770480          F 
11040                           7                   0.973               3                   0.28                10.78               0                   0                   0                   40.743700           -73.681120          F 
10465                           7                   0.973               3                   0.28                10.78               0                   0                   0                   40.832550           -73.816180          F 
11426                           7                   0.973               3                   0.28                10.78               0                   0                   0                   40.738590           -73.725830          F 
11364                           7                   0.973               3                   0.28                10.78               0                   0                   0                   40.747080           -73.757280          F 
11357                           7                   0.973               3                   0.28                10.78               1                   0.093               10.78               40.787230           -73.810930          F 
11358                           7                   0.973               3                   0.28                10.78               1                   0.093               10.78               40.761510           -73.794590          F 
10475                           7                   0.973               3                   0.28                10.78               1                   0.093               10.78               40.873830           -73.827070          F 
11226                           8                   0.999               4                   0.70                5.75                2                   0.28                7.19                40.645290           -73.958440          F 
11218                           8                   0.999               4                   0.70                5.75                0                   0                   0                   40.644500           -73.978110          F 
11225                           8                   0.999               4                   0.70                5.75                0                   0.093               0                   40.663190           -73.952680          F 
11203                           8                   0.999               4                   0.70                5.75                0                   0.046               0                   40.649380           -73.933680          F 
11210                           8                   0.999               4                   0.70                5.75                1                   0.093               10.78               40.625050           -73.945750          F 
11230                           8                   0.999               4                   0.70                5.75                0                   0                   0                   40.622740           -73.966660          F 
11215                           8                   0.999               4                   0.70                5.75                0                   0                   0                   40.665300           -73.980050          F 
11213                           8                   0.999               4                   0.70                5.75                1                   0.19                5.39                40.671530           -73.936350          F 
